
Influencia observaciones sobre la predicción
===============================================
Statistic    N     Mean   St. Dev.  Min    Max 
-----------------------------------------------
Modelo 4.1 4,919  -0.000   0.001   -0.010 0.008
Modelo 4.2 4,919 0.00003   0.028   -0.260 0.423
Modelo 4.3 4,919 0.00005   0.031   -0.265 0.414
Modelo 4.4 4,919  0.001    0.035   -0.277 0.416
Modelo 4.5 4,919 -0.0001   0.060   -0.549 0.647
Modelo 4.6 4,919  0.001    0.035   -0.288 0.398
Modelo 4.7 4,919 -0.00001  0.052   -0.611 0.382
Modelo 4.8 4,919  0.0003   0.042   -0.350 0.804
-----------------------------------------------
