
Estadisticas descriptivas
==============================================================================================
Statistic                           N        Mean        St. Dev.       Min          Max      
----------------------------------------------------------------------------------------------
Edad                              16,155 1,457,754.000 2,244,763.000   0.000    50,000,000.000
Ingreso de la actividad principal 16,366  19,294.830    219,840.500      0        10,000,000  
Ingreso actividad secundaria      9,785  1,566,234.000 2,158,107.000   10,000     34,000,000  
Salario actividad principal       9,785  1,757,076.000 2,413,729.000 30,000.000 60,100,000.000
Salario laboral                   4,847  1,362,411.000 2,472,288.000   84.000   70,000,000.000
Salario + ingreso independientes  14,632 1,626,340.000 2,440,279.000   84.000   70,000,000.000
Ganancia total independientes     16,397    47.441        15.616         1           130      
----------------------------------------------------------------------------------------------
